{
"name":"Art Contest",
"materials":{
	"color4": {"kd":[0.219608,0.486275,0.266667]},
	"color0": {"kd":[0.337255,0.490196,0.27451]},
	"color2": {"kd":[0.415686,0.631373,0.129412]},
	"color5": {"kd":[0.529412,0.807843,0.921569]},
	"color1": {"kd":[0.596078,0.462745,0.329412]},
	"color3": {"kd":[0.6,0.776471,0.556863]}
},
"lights":[
{
	"pos":[20, 20, 20],
	"color":[1, 1, 1]
},
{
	"pos":[-20, 20, -20],
	"color":[1, 1, 1]
},
{
	"pos":[-20, 20, 20],
	"color":[1, 1, 1]
},
{
	"pos":[20, 20, -20],
	"color":[1, 1, 1]
}
],
"cameras":[
{
	"pos":[-6.75, 1, 13.31],
	"rot": [0, 0.173648, 0, 0.984808]
},
{
	"pos":[9.07, 23.5, 23.36],
	"rot": [0, -0.173648, 0, 0.984808]
}
],
"children":[
{
"transform":[1, 0, 0, 0, 0, 1, 0, 0, 0, 0, 1, 0, 0, 0, 0, 1],
"children":[{"transform":[1, -0, 0, 0, 0, 1, 0, 0, 0, 0, 1, 0, 0, 0, 0, 1],
"children":[{
"transform":[1, 0, 0, 0, 0, 1, 0, 0, -0, 0, 1, 0, 0, 0, 0, 1],
"children":[{
"transform":[1, 0, 0, 0, 0, 1, -0, 0, 0, 0, 1, 0, 0, 0, 0, 1],
"children":[{
"transform":[100, 0, 0, 0, 0, 0.1, 0, 0, 0, 0, 100, 0, 0, 0, 0, 1],
"shapes":[
{"type":"box",
"material":"color0"}]
}]
}]
}]
}]
},
{
"transform":[1, 0, 0, 0, 0, 1, 0, 10, 0, 0, 1, 0, 0, 0, 0, 1],
"children":[{"transform":[1, -0, 0, 0, 0, 1, 0, 0, 0, 0, 1, 0, 0, 0, 0, 1],
"children":[{
"transform":[1, 0, 0, 0, 0, 1, 0, 0, -0, 0, 1, 0, 0, 0, 0, 1],
"children":[{
"transform":[1, 0, 0, 0, 0, 1, -0, 0, 0, 0, 1, 0, 0, 0, 0, 1],
"children":[{
"transform":[1, 0, 0, 0, 0, 1, 0, 0, 0, 0, 1, 0, 0, 0, 0, 1],
"shapes":[
{"type":"cylinder",
"radius":2,
"height":20,
"material":"color1"}]
}]
}]
}]
}]
},
{
"transform":[1, 0, 0, 0, 0, 1, 0, 0, 0, 0, 1, 0, 0, 0, 0, 1],
"children":[{"transform":[1, -0, 0, 0, 0, 1, 0, 0, 0, 0, 1, 0, 0, 0, 0, 1],
"children":[{
"transform":[1, 0, 0, 0, 0, 1, 0, 0, -0, 0, 1, 0, 0, 0, 0, 1],
"children":[{
"transform":[1, 0, 0, 0, 0, 1, -0, 0, 0, 0, 1, 0, 0, 0, 0, 1],
"children":[{
"transform":[1, 0, 0, 0, 0, 1, 0, 0, 0, 0, 1, 0, 0, 0, 0, 1],
"shapes":[
{"type":"cone",
"radius":3,
"height":20,
"material":"color1"}]
}]
}]
}]
}]
},
{
"transform":[1, 0, 0, 0, 0, 1, 0, 20, 0, 0, 1, 0, 0, 0, 0, 1],
"children":[{"transform":[1, -0, 0, 0, 0, 1, 0, 0, 0, 0, 1, 0, 0, 0, 0, 1],
"children":[{
"transform":[1, 0, 0, 0, 0, 1, 0, 0, -0, 0, 1, 0, 0, 0, 0, 1],
"children":[{
"transform":[1, 0, 0, 0, 0, -1, -3.58979e-09, 0, 0, 3.58979e-09, -1, 0, 0, 0, 0, 1],
"children":[{
"transform":[1, 0, 0, 0, 0, 1, 0, 0, 0, 0, 1, 0, 0, 0, 0, 1],
"shapes":[
{"type":"cone",
"radius":2.5,
"height":20,
"material":"color1"}]
}]
}]
}]
}]
},
{
"transform":[1, 0, 0, 2, 0, 1, 0, 0.25, 0, 0, 1, 2, 0, 0, 0, 1],
"children":[{"transform":[0.766044, 0.642788, 0, 0, -0.642788, 0.766044, 0, 0, 0, 0, 1, 0, 0, 0, 0, 1],
"children":[{
"transform":[-0.0871557, 0, -0.996195, 0, 0, 1, 0, 0, 0.996195, 0, -0.0871557, 0, 0, 0, 0, 1],
"children":[{
"transform":[1, 0, 0, 0, 0, 0.34202, 0.939693, 0, 0, -0.939693, 0.34202, 0, 0, 0, 0, 1],
"children":[{
"transform":[1, 0, 0, 0, 0, 1, 0, 0, 0, 0, 1, 0, 0, 0, 0, 1],
"shapes":[
{"type":"cylinder",
"radius":0.8,
"height":4,
"material":"color1"}]
}]
}]
}]
}]
},
{
"transform":[1, 0, 0, -1, 0, 1, 0, 0.75, 0, 0, 1, 2, 0, 0, 0, 1],
"children":[{"transform":[0.766044, -0.642788, 0, 0, 0.642788, 0.766044, 0, 0, 0, 0, 1, 0, 0, 0, 0, 1],
"children":[{
"transform":[0.866025, 0, -0.5, 0, 0, 1, 0, 0, 0.5, 0, 0.866025, 0, 0, 0, 0, 1],
"children":[{
"transform":[1, 0, 0, 0, 0, 0.34202, 0.939693, 0, 0, -0.939693, 0.34202, 0, 0, 0, 0, 1],
"children":[{
"transform":[1, 0, 0, 0, 0, 1, 0, 0, 0, 0, 1, 0, 0, 0, 0, 1],
"shapes":[
{"type":"cylinder",
"radius":0.9,
"height":5,
"material":"color1"}]
}]
}]
}]
}]
},
{
"transform":[1, 0, 0, -3, 0, 1, 0, 0.5, 0, 0, 1, -2, 0, 0, 0, 1],
"children":[{"transform":[0.642788, -0.766044, 0, 0, 0.766044, 0.642788, 0, 0, 0, 0, 1, 0, 0, 0, 0, 1],
"children":[{
"transform":[0.866025, 0, 0.5, 0, 0, 1, 0, 0, -0.5, 0, 0.866025, 0, 0, 0, 0, 1],
"children":[{
"transform":[1, 0, 0, 0, 0, 0.258819, 0.965926, 0, 0, -0.965926, 0.258819, 0, 0, 0, 0, 1],
"children":[{
"transform":[1, 0, 0, 0, 0, 1, 0, 0, 0, 0, 1, 0, 0, 0, 0, 1],
"shapes":[
{"type":"cylinder",
"radius":0.7,
"height":10,
"material":"color1"}]
}]
}]
}]
}]
},
{
"transform":[1, 0, 0, 2, 0, 1, 0, 0.5, 0, 0, 1, -2, 0, 0, 0, 1],
"children":[{"transform":[0.707107, 0.707107, 0, 0, -0.707107, 0.707107, 0, 0, 0, 0, 1, 0, 0, 0, 0, 1],
"children":[{
"transform":[0.866025, 0, -0.5, 0, 0, 1, 0, 0, 0.5, 0, 0.866025, 0, 0, 0, 0, 1],
"children":[{
"transform":[1, 0, 0, 0, 0, -0.173648, 0.984808, 0, 0, -0.984808, -0.173648, 0, 0, 0, 0, 1],
"children":[{
"transform":[1, 0, 0, 0, 0, 1, 0, 0, 0, 0, 1, 0, 0, 0, 0, 1],
"shapes":[
{"type":"cylinder",
"radius":1,
"height":4,
"material":"color1"}]
}]
}]
}]
}]
},
{
"transform":[1, 0, 0, 2, 0, 1, 0, 18, 0, 0, 1, 2, 0, 0, 0, 1],
"children":[{"transform":[0.707107, 0.707107, 0, 0, -0.707107, 0.707107, 0, 0, 0, 0, 1, 0, 0, 0, 0, 1],
"children":[{
"transform":[1, 0, 0, 0, 0, 1, 0, 0, -0, 0, 1, 0, 0, 0, 0, 1],
"children":[{
"transform":[1, 0, 0, 0, 0, 0.707107, -0.707107, 0, 0, 0.707107, 0.707107, 0, 0, 0, 0, 1],
"children":[{
"transform":[1, 0, 0, 0, 0, 1, 0, 0, 0, 0, 1, 0, 0, 0, 0, 1],
"shapes":[
{"type":"cylinder",
"radius":0.5,
"height":8,
"material":"color1"}]
}]
}]
}]
}]
},
{
"transform":[1, 0, 0, 4, 0, 1, 0, 20, 0, 0, 1, 4.75, 0, 0, 0, 1],
"children":[{"transform":[0.866025, 0.5, 0, 0, -0.5, 0.866025, 0, 0, 0, 0, 1, 0, 0, 0, 0, 1],
"children":[{
"transform":[1, 0, 0, 0, 0, 1, 0, 0, -0, 0, 1, 0, 0, 0, 0, 1],
"children":[{
"transform":[1, 0, 0, 0, 0, 0.642788, -0.766044, 0, 0, 0.766044, 0.642788, 0, 0, 0, 0, 1],
"children":[{
"transform":[1, 0, 0, 0, 0, 1, 0, 0, 0, 0, 1, 0, 0, 0, 0, 1],
"shapes":[
{"type":"cone",
"radius":0.5,
"height":6,
"material":"color1"}]
}]
}]
}]
}]
},
{
"transform":[1, 0, 0, -2, 0, 1, 0, 19, 0, 0, 1, -2, 0, 0, 0, 1],
"children":[{"transform":[0.707107, -0.707107, 0, 0, 0.707107, 0.707107, 0, 0, 0, 0, 1, 0, 0, 0, 0, 1],
"children":[{
"transform":[1, 0, 0, 0, 0, 1, 0, 0, -0, 0, 1, 0, 0, 0, 0, 1],
"children":[{
"transform":[1, 0, 0, 0, 0, 0.707107, 0.707107, 0, 0, -0.707107, 0.707107, 0, 0, 0, 0, 1],
"children":[{
"transform":[1, 0, 0, 0, 0, 1, 0, 0, 0, 0, 1, 0, 0, 0, 0, 1],
"shapes":[
{"type":"cylinder",
"radius":0.5,
"height":8,
"material":"color1"}]
}]
}]
}]
}]
},
{
"transform":[1, 0, 0, -4, 0, 1, 0, 21, 0, 0, 1, -4.75, 0, 0, 0, 1],
"children":[{"transform":[0.866025, -0.5, 0, 0, 0.5, 0.866025, 0, 0, 0, 0, 1, 0, 0, 0, 0, 1],
"children":[{
"transform":[1, 0, 0, 0, 0, 1, 0, 0, -0, 0, 1, 0, 0, 0, 0, 1],
"children":[{
"transform":[1, 0, 0, 0, 0, 0.642788, 0.766044, 0, 0, -0.766044, 0.642788, 0, 0, 0, 0, 1],
"children":[{
"transform":[1, 0, 0, 0, 0, 1, 0, 0, 0, 0, 1, 0, 0, 0, 0, 1],
"shapes":[
{"type":"cone",
"radius":0.5,
"height":6,
"material":"color1"}]
}]
}]
}]
}]
},
{
"transform":[1, 0, 0, 2, 0, 1, 0, 17, 0, 0, 1, -2, 0, 0, 0, 1],
"children":[{"transform":[0.707107, 0.707107, 0, 0, -0.707107, 0.707107, 0, 0, 0, 0, 1, 0, 0, 0, 0, 1],
"children":[{
"transform":[1, 0, 0, 0, 0, 1, 0, 0, -0, 0, 1, 0, 0, 0, 0, 1],
"children":[{
"transform":[1, 0, 0, 0, 0, 0.707107, 0.707107, 0, 0, -0.707107, 0.707107, 0, 0, 0, 0, 1],
"children":[{
"transform":[1, 0, 0, 0, 0, 1, 0, 0, 0, 0, 1, 0, 0, 0, 0, 1],
"shapes":[
{"type":"cylinder",
"radius":0.5,
"height":8,
"material":"color1"}]
}]
}]
}]
}]
},
{
"transform":[1, 0, 0, 4, 0, 1, 0, 19, 0, 0, 1, -4.75, 0, 0, 0, 1],
"children":[{"transform":[0.866025, 0.5, 0, 0, -0.5, 0.866025, 0, 0, 0, 0, 1, 0, 0, 0, 0, 1],
"children":[{
"transform":[1, 0, 0, 0, 0, 1, 0, 0, -0, 0, 1, 0, 0, 0, 0, 1],
"children":[{
"transform":[1, 0, 0, 0, 0, 0.642788, 0.766044, 0, 0, -0.766044, 0.642788, 0, 0, 0, 0, 1],
"children":[{
"transform":[1, 0, 0, 0, 0, 1, 0, 0, 0, 0, 1, 0, 0, 0, 0, 1],
"shapes":[
{"type":"cone",
"radius":0.5,
"height":6,
"material":"color1"}]
}]
}]
}]
}]
},
{
"transform":[1, 0, 0, -2, 0, 1, 0, 15, 0, 0, 1, 2, 0, 0, 0, 1],
"children":[{"transform":[0.707107, -0.707107, 0, 0, 0.707107, 0.707107, 0, 0, 0, 0, 1, 0, 0, 0, 0, 1],
"children":[{
"transform":[1, 0, 0, 0, 0, 1, 0, 0, -0, 0, 1, 0, 0, 0, 0, 1],
"children":[{
"transform":[1, 0, 0, 0, 0, 0.707107, -0.707107, 0, 0, 0.707107, 0.707107, 0, 0, 0, 0, 1],
"children":[{
"transform":[1, 0, 0, 0, 0, 1, 0, 0, 0, 0, 1, 0, 0, 0, 0, 1],
"shapes":[
{"type":"cylinder",
"radius":0.5,
"height":8,
"material":"color1"}]
}]
}]
}]
}]
},
{
"transform":[1, 0, 0, -4, 0, 1, 0, 17, 0, 0, 1, 4.75, 0, 0, 0, 1],
"children":[{"transform":[0.866025, -0.5, 0, 0, 0.5, 0.866025, 0, 0, 0, 0, 1, 0, 0, 0, 0, 1],
"children":[{
"transform":[1, 0, 0, 0, 0, 1, 0, 0, -0, 0, 1, 0, 0, 0, 0, 1],
"children":[{
"transform":[1, 0, 0, 0, 0, 0.642788, -0.766044, 0, 0, 0.766044, 0.642788, 0, 0, 0, 0, 1],
"children":[{
"transform":[1, 0, 0, 0, 0, 1, 0, 0, 0, 0, 1, 0, 0, 0, 0, 1],
"shapes":[
{"type":"cone",
"radius":0.5,
"height":6,
"material":"color1"}]
}]
}]
}]
}]
},
{
"transform":[1, 0, 0, 2, 0, 1, 0, 22, 0, 0, 1, 1, 0, 0, 0, 1],
"children":[{"transform":[0.906308, 0.422618, 0, 0, -0.422618, 0.906308, 0, 0, 0, 0, 1, 0, 0, 0, 0, 1],
"children":[{
"transform":[1, 0, 0, 0, 0, 1, 0, 0, -0, 0, 1, 0, 0, 0, 0, 1],
"children":[{
"transform":[1, 0, 0, 0, 0, 0.984808, -0.173648, 0, 0, 0.173648, 0.984808, 0, 0, 0, 0, 1],
"children":[{
"transform":[1, 0, 0, 0, 0, 1, 0, 0, 0, 0, 1, 0, 0, 0, 0, 1],
"shapes":[
{"type":"cylinder",
"radius":0.75,
"height":7,
"material":"color1"}]
}]
}]
}]
}]
},
{
"transform":[1, 0, 0, 1, 0, 1, 0, 19, 0, 0, 1, 0.55, 0, 0, 0, 1],
"children":[{"transform":[0.906308, 0.422618, 0, 0, -0.422618, 0.906308, 0, 0, 0, 0, 1, 0, 0, 0, 0, 1],
"children":[{
"transform":[1, 0, 0, 0, 0, 1, 0, 0, -0, 0, 1, 0, 0, 0, 0, 1],
"children":[{
"transform":[1, 0, 0, 0, 0, 0.984808, -0.173648, 0, 0, 0.173648, 0.984808, 0, 0, 0, 0, 1],
"children":[{
"transform":[1, 0, 0, 0, 0, 1, 0, 0, 0, 0, 1, 0, 0, 0, 0, 1],
"shapes":[
{"type":"cone",
"radius":1.25,
"height":5,
"material":"color1"}]
}]
}]
}]
}]
},
{
"transform":[1, 0, 0, -2, 0, 1, 0, 22, 0, 0, 1, -0.5, 0, 0, 0, 1],
"children":[{"transform":[0.939693, -0.34202, 0, 0, 0.34202, 0.939693, 0, 0, 0, 0, 1, 0, 0, 0, 0, 1],
"children":[{
"transform":[1, 0, 0, 0, 0, 1, 0, 0, -0, 0, 1, 0, 0, 0, 0, 1],
"children":[{
"transform":[1, 0, 0, 0, 0, 0.996195, 0.0871557, 0, 0, -0.0871557, 0.996195, 0, 0, 0, 0, 1],
"children":[{
"transform":[1, 0, 0, 0, 0, 1, 0, 0, 0, 0, 1, 0, 0, 0, 0, 1],
"shapes":[
{"type":"cylinder",
"radius":0.75,
"height":5,
"material":"color1"}]
}]
}]
}]
}]
},
{
"transform":[1, 0, 0, -1, 0, 1, 0, 19, 0, 0, 1, 0, 0, 0, 0, 1],
"children":[{"transform":[0.939693, -0.34202, 0, 0, 0.34202, 0.939693, 0, 0, 0, 0, 1, 0, 0, 0, 0, 1],
"children":[{
"transform":[1, 0, 0, 0, 0, 1, 0, 0, -0, 0, 1, 0, 0, 0, 0, 1],
"children":[{
"transform":[1, 0, 0, 0, 0, 0.996195, 0.0871557, 0, 0, -0.0871557, 0.996195, 0, 0, 0, 0, 1],
"children":[{
"transform":[1, 0, 0, 0, 0, 1, 0, 0, 0, 0, 1, 0, 0, 0, 0, 1],
"shapes":[
{"type":"cone",
"radius":1.25,
"height":5,
"material":"color1"}]
}]
}]
}]
}]
},
{
"transform":[1, 0, 0, 3.5, 0, 1, 0, 25, 0, 0, 1, 1.75, 0, 0, 0, 1],
"children":[{"transform":[0.819152, 0.573576, 0, 0, -0.573576, 0.819152, 0, 0, 0, 0, 1, 0, 0, 0, 0, 1],
"children":[{
"transform":[1, 0, 0, 0, 0, 1, 0, 0, -0, 0, 1, 0, 0, 0, 0, 1],
"children":[{
"transform":[1, 0, 0, 0, 0, 0.766044, -0.642788, 0, 0, 0.642788, 0.766044, 0, 0, 0, 0, 1],
"children":[{
"transform":[1, 0, 0, 0, 0, 1, 0, 0, 0, 0, 1, 0, 0, 0, 0, 1],
"shapes":[
{"type":"cone",
"radius":0.4,
"height":4,
"material":"color1"}]
}]
}]
}]
}]
},
{
"transform":[1, 0, 0, 3, 0, 1, 0, 25, 0, 0, 1, 1.25, 0, 0, 0, 1],
"children":[{"transform":[0.819152, -0.573576, 0, 0, 0.573576, 0.819152, 0, 0, 0, 0, 1, 0, 0, 0, 0, 1],
"children":[{
"transform":[1, 0, 0, 0, 0, 1, 0, 0, -0, 0, 1, 0, 0, 0, 0, 1],
"children":[{
"transform":[1, 0, 0, 0, 0, 0.984808, -0.173648, 0, 0, 0.173648, 0.984808, 0, 0, 0, 0, 1],
"children":[{
"transform":[1, 0, 0, 0, 0, 1, 0, 0, 0, 0, 1, 0, 0, 0, 0, 1],
"shapes":[
{"type":"cone",
"radius":0.3,
"height":4.5,
"material":"color1"}]
}]
}]
}]
}]
},
{
"transform":[1, 0, 0, 3.25, 0, 1, 0, 25, 0, 0, 1, 1.5, 0, 0, 0, 1],
"children":[{"transform":[0.984808, 0.173648, 0, 0, -0.173648, 0.984808, 0, 0, 0, 0, 1, 0, 0, 0, 0, 1],
"children":[{
"transform":[1, 0, 0, 0, 0, 1, 0, 0, -0, 0, 1, 0, 0, 0, 0, 1],
"children":[{
"transform":[1, 0, 0, 0, 0, 0.906308, 0.422618, 0, 0, -0.422618, 0.906308, 0, 0, 0, 0, 1],
"children":[{
"transform":[1, 0, 0, 0, 0, 1, 0, 0, 0, 0, 1, 0, 0, 0, 0, 1],
"shapes":[
{"type":"cone",
"radius":0.2,
"height":5.5,
"material":"color1"}]
}]
}]
}]
}]
},
{
"transform":[1, 0, 0, -2.5, 0, 1, 0, 23, 0, 0, 1, -1, 0, 0, 0, 1],
"children":[{"transform":[0.707107, -0.707107, 0, 0, 0.707107, 0.707107, 0, 0, 0, 0, 1, 0, 0, 0, 0, 1],
"children":[{
"transform":[1, 0, 0, 0, 0, 1, 0, 0, -0, 0, 1, 0, 0, 0, 0, 1],
"children":[{
"transform":[1, 0, 0, 0, 0, 1, -0, 0, 0, 0, 1, 0, 0, 0, 0, 1],
"children":[{
"transform":[1, 0, 0, 0, 0, 1, 0, 0, 0, 0, 1, 0, 0, 0, 0, 1],
"shapes":[
{"type":"cone",
"radius":0.4,
"height":4,
"material":"color1"}]
}]
}]
}]
}]
},
{
"transform":[1, 0, 0, -2.5, 0, 1, 0, 24.5, 0, 0, 1, -1, 0, 0, 0, 1],
"children":[{"transform":[0.984808, -0.173648, 0, 0, 0.173648, 0.984808, 0, 0, 0, 0, 1, 0, 0, 0, 0, 1],
"children":[{
"transform":[1, 0, 0, 0, 0, 1, 0, 0, -0, 0, 1, 0, 0, 0, 0, 1],
"children":[{
"transform":[1, 0, 0, 0, 0, 0.939693, 0.34202, 0, 0, -0.34202, 0.939693, 0, 0, 0, 0, 1],
"children":[{
"transform":[1, 0, 0, 0, 0, 1, 0, 0, 0, 0, 1, 0, 0, 0, 0, 1],
"shapes":[
{"type":"cone",
"radius":0.3,
"height":4.5,
"material":"color1"}]
}]
}]
}]
}]
},
{
"transform":[1, 0, 0, -3, 0, 1, 0, 23.5, 0, 0, 1, -0.75, 0, 0, 0, 1],
"children":[{"transform":[0.939693, 0.34202, 0, 0, -0.34202, 0.939693, 0, 0, 0, 0, 1, 0, 0, 0, 0, 1],
"children":[{
"transform":[1, 0, 0, 0, 0, 1, 0, 0, -0, 0, 1, 0, 0, 0, 0, 1],
"children":[{
"transform":[1, 0, 0, 0, 0, 0.34202, -0.939693, 0, 0, 0.939693, 0.34202, 0, 0, 0, 0, 1],
"children":[{
"transform":[1, 0, 0, 0, 0, 1, 0, 0, 0, 0, 1, 0, 0, 0, 0, 1],
"shapes":[
{"type":"cone",
"radius":0.25,
"height":5,
"material":"color1"}]
}]
}]
}]
}]
},
{
"transform":[1, 0, 0, -2, 0, 1, 0, 24, 0, 0, 1, -0.75, 0, 0, 0, 1],
"children":[{"transform":[0.707107, 0.707107, 0, 0, -0.707107, 0.707107, 0, 0, 0, 0, 1, 0, 0, 0, 0, 1],
"children":[{
"transform":[1, 0, 0, 0, 0, 1, 0, 0, -0, 0, 1, 0, 0, 0, 0, 1],
"children":[{
"transform":[1, 0, 0, 0, 0, 1, -0, 0, 0, 0, 1, 0, 0, 0, 0, 1],
"children":[{
"transform":[1, 0, 0, 0, 0, 1, 0, 0, 0, 0, 1, 0, 0, 0, 0, 1],
"shapes":[
{"type":"cone",
"radius":0.2,
"height":5,
"material":"color1"}]
}]
}]
}]
}]
},
{
"transform":[1, 0, 0, 6.5, 0, 1, 0, 23, 0, 0, 1, 9, 0, 0, 0, 1],
"children":[{"transform":[1, -0, 0, 0, 0, 1, 0, 0, 0, 0, 1, 0, 0, 0, 0, 1],
"children":[{
"transform":[1, 0, 0, 0, 0, 1, 0, 0, -0, 0, 1, 0, 0, 0, 0, 1],
"children":[{
"transform":[1, 0, 0, 0, 0, 1, -0, 0, 0, 0, 1, 0, 0, 0, 0, 1],
"children":[{
"transform":[2, 0, 0, 0, 0, 2, 0, 0, 0, 0, 2, 0, 0, 0, 0, 1],
"shapes":[
{"type":"sphere",
"material":"color2"}]
}]
}]
}]
}]
},
{
"transform":[1, 0, 0, 6, 0, 1, 0, 22, 0, 0, 1, 8, 0, 0, 0, 1],
"children":[{"transform":[1, -0, 0, 0, 0, 1, 0, 0, 0, 0, 1, 0, 0, 0, 0, 1],
"children":[{
"transform":[1, 0, 0, 0, 0, 1, 0, 0, -0, 0, 1, 0, 0, 0, 0, 1],
"children":[{
"transform":[1, 0, 0, 0, 0, 1, -0, 0, 0, 0, 1, 0, 0, 0, 0, 1],
"children":[{
"transform":[1, 0, 0, 0, 0, 2, 0, 0, 0, 0, 2, 0, 0, 0, 0, 1],
"shapes":[
{"type":"sphere",
"material":"color3"}]
}]
}]
}]
}]
},
{
"transform":[1, 0, 0, -6.5, 0, 1, 0, 24, 0, 0, 1, 9, 0, 0, 0, 1],
"children":[{"transform":[1, -0, 0, 0, 0, 1, 0, 0, 0, 0, 1, 0, 0, 0, 0, 1],
"children":[{
"transform":[1, 0, 0, 0, 0, 1, 0, 0, -0, 0, 1, 0, 0, 0, 0, 1],
"children":[{
"transform":[1, 0, 0, 0, 0, 1, -0, 0, 0, 0, 1, 0, 0, 0, 0, 1],
"children":[{
"transform":[2, 0, 0, 0, 0, 3, 0, 0, 0, 0, 2, 0, 0, 0, 0, 1],
"shapes":[
{"type":"sphere",
"material":"color3"}]
}]
}]
}]
}]
},
{
"transform":[1, 0, 0, -6, 0, 1, 0, 22, 0, 0, 1, 9.5, 0, 0, 0, 1],
"children":[{"transform":[1, -0, 0, 0, 0, 1, 0, 0, 0, 0, 1, 0, 0, 0, 0, 1],
"children":[{
"transform":[1, 0, 0, 0, 0, 1, 0, 0, -0, 0, 1, 0, 0, 0, 0, 1],
"children":[{
"transform":[1, 0, 0, 0, 0, 1, -0, 0, 0, 0, 1, 0, 0, 0, 0, 1],
"children":[{
"transform":[3, 0, 0, 0, 0, 3, 0, 0, 0, 0, 3, 0, 0, 0, 0, 1],
"shapes":[
{"type":"sphere",
"material":"color2"}]
}]
}]
}]
}]
},
{
"transform":[1, 0, 0, 5.5, 0, 1, 0, 23, 0, 0, 1, -8, 0, 0, 0, 1],
"children":[{"transform":[1, -0, 0, 0, 0, 1, 0, 0, 0, 0, 1, 0, 0, 0, 0, 1],
"children":[{
"transform":[1, 0, 0, 0, 0, 1, 0, 0, -0, 0, 1, 0, 0, 0, 0, 1],
"children":[{
"transform":[1, 0, 0, 0, 0, 1, -0, 0, 0, 0, 1, 0, 0, 0, 0, 1],
"children":[{
"transform":[1, 0, 0, 0, 0, 2, 0, 0, 0, 0, 2, 0, 0, 0, 0, 1],
"shapes":[
{"type":"sphere",
"material":"color4"}]
}]
}]
}]
}]
},
{
"transform":[1, 0, 0, 6, 0, 1, 0, 21, 0, 0, 1, -8.5, 0, 0, 0, 1],
"children":[{"transform":[1, -0, 0, 0, 0, 1, 0, 0, 0, 0, 1, 0, 0, 0, 0, 1],
"children":[{
"transform":[1, 0, 0, 0, 0, 1, 0, 0, -0, 0, 1, 0, 0, 0, 0, 1],
"children":[{
"transform":[1, 0, 0, 0, 0, 1, -0, 0, 0, 0, 1, 0, 0, 0, 0, 1],
"children":[{
"transform":[1, 0, 0, 0, 0, 3, 0, 0, 0, 0, 1, 0, 0, 0, 0, 1],
"shapes":[
{"type":"sphere",
"material":"color2"}]
}]
}]
}]
}]
},
{
"transform":[1, 0, 0, -6.5, 0, 1, 0, 23, 0, 0, 1, -8, 0, 0, 0, 1],
"children":[{"transform":[1, -0, 0, 0, 0, 1, 0, 0, 0, 0, 1, 0, 0, 0, 0, 1],
"children":[{
"transform":[1, 0, 0, 0, 0, 1, 0, 0, -0, 0, 1, 0, 0, 0, 0, 1],
"children":[{
"transform":[1, 0, 0, 0, 0, 1, -0, 0, 0, 0, 1, 0, 0, 0, 0, 1],
"children":[{
"transform":[2, 0, 0, 0, 0, 3, 0, 0, 0, 0, 3, 0, 0, 0, 0, 1],
"shapes":[
{"type":"sphere",
"material":"color2"}]
}]
}]
}]
}]
},
{
"transform":[1, 0, 0, -6, 0, 1, 0, 22, 0, 0, 1, -8.5, 0, 0, 0, 1],
"children":[{"transform":[1, -0, 0, 0, 0, 1, 0, 0, 0, 0, 1, 0, 0, 0, 0, 1],
"children":[{
"transform":[1, 0, 0, 0, 0, 1, 0, 0, -0, 0, 1, 0, 0, 0, 0, 1],
"children":[{
"transform":[1, 0, 0, 0, 0, 1, -0, 0, 0, 0, 1, 0, 0, 0, 0, 1],
"children":[{
"transform":[2, 0, 0, 0, 0, 2, 0, 0, 0, 0, 2, 0, 0, 0, 0, 1],
"shapes":[
{"type":"sphere",
"material":"color4"}]
}]
}]
}]
}]
},
{
"transform":[1, 0, 0, 5, 0, 1, 0, 27, 0, 0, 1, 4, 0, 0, 0, 1],
"children":[{"transform":[1, -0, 0, 0, 0, 1, 0, 0, 0, 0, 1, 0, 0, 0, 0, 1],
"children":[{
"transform":[1, 0, 0, 0, 0, 1, 0, 0, -0, 0, 1, 0, 0, 0, 0, 1],
"children":[{
"transform":[1, 0, 0, 0, 0, 1, -0, 0, 0, 0, 1, 0, 0, 0, 0, 1],
"children":[{
"transform":[2, 0, 0, 0, 0, 2, 0, 0, 0, 0, 2, 0, 0, 0, 0, 1],
"shapes":[
{"type":"sphere",
"material":"color2"}]
}]
}]
}]
}]
},
{
"transform":[1, 0, 0, 0, 0, 1, 0, 27, 0, 0, 1, 2, 0, 0, 0, 1],
"children":[{"transform":[1, -0, 0, 0, 0, 1, 0, 0, 0, 0, 1, 0, 0, 0, 0, 1],
"children":[{
"transform":[1, 0, 0, 0, 0, 1, 0, 0, -0, 0, 1, 0, 0, 0, 0, 1],
"children":[{
"transform":[1, 0, 0, 0, 0, 1, -0, 0, 0, 0, 1, 0, 0, 0, 0, 1],
"children":[{
"transform":[2, 0, 0, 0, 0, 2, 0, 0, 0, 0, 2, 0, 0, 0, 0, 1],
"shapes":[
{"type":"sphere",
"material":"color3"}]
}]
}]
}]
}]
},
{
"transform":[1, 0, 0, 4, 0, 1, 0, 29, 0, 0, 1, 1, 0, 0, 0, 1],
"children":[{"transform":[1, -0, 0, 0, 0, 1, 0, 0, 0, 0, 1, 0, 0, 0, 0, 1],
"children":[{
"transform":[1, 0, 0, 0, 0, 1, 0, 0, -0, 0, 1, 0, 0, 0, 0, 1],
"children":[{
"transform":[1, 0, 0, 0, 0, 1, -0, 0, 0, 0, 1, 0, 0, 0, 0, 1],
"children":[{
"transform":[3, 0, 0, 0, 0, 2, 0, 0, 0, 0, 2, 0, 0, 0, 0, 1],
"shapes":[
{"type":"sphere",
"material":"color4"}]
}]
}]
}]
}]
},
{
"transform":[1, 0, 0, -3, 0, 1, 0, 25.5, 0, 0, 1, 3.5, 0, 0, 0, 1],
"children":[{"transform":[1, -0, 0, 0, 0, 1, 0, 0, 0, 0, 1, 0, 0, 0, 0, 1],
"children":[{
"transform":[1, 0, 0, 0, 0, 1, 0, 0, -0, 0, 1, 0, 0, 0, 0, 1],
"children":[{
"transform":[1, 0, 0, 0, 0, 1, -0, 0, 0, 0, 1, 0, 0, 0, 0, 1],
"children":[{
"transform":[1.5, 0, 0, 0, 0, 1.5, 0, 0, 0, 0, 1.5, 0, 0, 0, 0, 1],
"shapes":[
{"type":"sphere",
"material":"color4"}]
}]
}]
}]
}]
},
{
"transform":[1, 0, 0, -4.5, 0, 1, 0, 26, 0, 0, 1, -0.5, 0, 0, 0, 1],
"children":[{"transform":[1, -0, 0, 0, 0, 1, 0, 0, 0, 0, 1, 0, 0, 0, 0, 1],
"children":[{
"transform":[1, 0, 0, 0, 0, 1, 0, 0, -0, 0, 1, 0, 0, 0, 0, 1],
"children":[{
"transform":[1, 0, 0, 0, 0, 1, -0, 0, 0, 0, 1, 0, 0, 0, 0, 1],
"children":[{
"transform":[2, 0, 0, 0, 0, 1, 0, 0, 0, 0, 1, 0, 0, 0, 0, 1],
"shapes":[
{"type":"sphere",
"material":"color3"}]
}]
}]
}]
}]
},
{
"transform":[1, 0, 0, -3, 0, 1, 0, 28, 0, 0, 1, -2, 0, 0, 0, 1],
"children":[{"transform":[1, -0, 0, 0, 0, 1, 0, 0, 0, 0, 1, 0, 0, 0, 0, 1],
"children":[{
"transform":[1, 0, 0, 0, 0, 1, 0, 0, -0, 0, 1, 0, 0, 0, 0, 1],
"children":[{
"transform":[1, 0, 0, 0, 0, 1, -0, 0, 0, 0, 1, 0, 0, 0, 0, 1],
"children":[{
"transform":[2, 0, 0, 0, 0, 2, 0, 0, 0, 0, 2, 0, 0, 0, 0, 1],
"shapes":[
{"type":"sphere",
"material":"color4"}]
}]
}]
}]
}]
},
{
"transform":[1, 0, 0, 0, 0, 1, 0, 26, 0, 0, 1, 0, 0, 0, 0, 1],
"children":[{"transform":[1, -0, 0, 0, 0, 1, 0, 0, 0, 0, 1, 0, 0, 0, 0, 1],
"children":[{
"transform":[1, 0, 0, 0, 0, 1, 0, 0, -0, 0, 1, 0, 0, 0, 0, 1],
"children":[{
"transform":[1, 0, 0, 0, 0, 1, -0, 0, 0, 0, 1, 0, 0, 0, 0, 1],
"children":[{
"transform":[2, 0, 0, 0, 0, 2, 0, 0, 0, 0, 2, 0, 0, 0, 0, 1],
"shapes":[
{"type":"sphere",
"material":"color2"}]
}]
}]
}]
}]
},
{
"transform":[1, 0, 0, 0, 0, 1, 0, 50, 0, 0, 1, -50, 0, 0, 0, 1],
"children":[{"transform":[1, -0, 0, 0, 0, 1, 0, 0, 0, 0, 1, 0, 0, 0, 0, 1],
"children":[{
"transform":[1, 0, 0, 0, 0, 1, 0, 0, -0, 0, 1, 0, 0, 0, 0, 1],
"children":[{
"transform":[1, 0, 0, 0, 0, 1, -0, 0, 0, 0, 1, 0, 0, 0, 0, 1],
"children":[{
"transform":[100, 0, 0, 0, 0, 100, 0, 0, 0, 0, 1, 0, 0, 0, 0, 1],
"shapes":[
{"type":"box",
"material":"color5"}]
}]
}]
}]
}]
},
{
"transform":[1, 0, 0, -50, 0, 1, 0, 50, 0, 0, 1, 0, 0, 0, 0, 1],
"children":[{"transform":[1, -0, 0, 0, 0, 1, 0, 0, 0, 0, 1, 0, 0, 0, 0, 1],
"children":[{
"transform":[1, 0, 0, 0, 0, 1, 0, 0, -0, 0, 1, 0, 0, 0, 0, 1],
"children":[{
"transform":[1, 0, 0, 0, 0, 1, -0, 0, 0, 0, 1, 0, 0, 0, 0, 1],
"children":[{
"transform":[1, 0, 0, 0, 0, 100, 0, 0, 0, 0, 100, 0, 0, 0, 0, 1],
"shapes":[
{"type":"box",
"material":"color5"}]
}]
}]
}]
}]
},
{
"transform":[1, 0, 0, 50, 0, 1, 0, 50, 0, 0, 1, 0, 0, 0, 0, 1],
"children":[{"transform":[1, -0, 0, 0, 0, 1, 0, 0, 0, 0, 1, 0, 0, 0, 0, 1],
"children":[{
"transform":[1, 0, 0, 0, 0, 1, 0, 0, -0, 0, 1, 0, 0, 0, 0, 1],
"children":[{
"transform":[1, 0, 0, 0, 0, 1, -0, 0, 0, 0, 1, 0, 0, 0, 0, 1],
"children":[{
"transform":[1, 0, 0, 0, 0, 100, 0, 0, 0, 0, 100, 0, 0, 0, 0, 1],
"shapes":[
{"type":"box",
"material":"color5"}]
}]
}]
}]
}]
},
{
"transform":[1, 0, 0, 0, 0, 1, 0, 50, 0, 0, 1, 50, 0, 0, 0, 1],
"children":[{"transform":[1, -0, 0, 0, 0, 1, 0, 0, 0, 0, 1, 0, 0, 0, 0, 1],
"children":[{
"transform":[1, 0, 0, 0, 0, 1, 0, 0, -0, 0, 1, 0, 0, 0, 0, 1],
"children":[{
"transform":[1, 0, 0, 0, 0, 1, -0, 0, 0, 0, 1, 0, 0, 0, 0, 1],
"children":[{
"transform":[100, 0, 0, 0, 0, 100, 0, 0, 0, 0, 1, 0, 0, 0, 0, 1],
"shapes":[
{"type":"box",
"material":"color5"}]
}]
}]
}]
}]
}
]

}