{
"name":"Poptarts",
"materials":{
	"color1": {"kd":[0.607843,0.392157,0.203922]},
	"color2": {"kd":[0.843137,0.65098,0.843137]},
	"color3": {"kd":[0.87451,0.415686,0.603922]},
	"color4": {"kd":[1,0.352941,0]},
	"color0": {"kd":[1,1,1]}
},
"lights":[
{
	"pos":[10, -9, -10],
	"color":[2, 2, 2]
}
],
"cameras":[
	{
		"pos":[10.72,-0.71,-16.47],
		"rot":[0, 1, -0.1, -0.01]
	}
],
"children":[
{
"transform":[1, 0, 0, 0, 0, 1, 0, 0, 0, 0, 1, 0, 0, 0, 0, 1],
"children":[{"transform":[1, -0, 0, 0, 0, 1, 0, 0, 0, 0, 1, 0, 0, 0, 0, 1],
"children":[{
"transform":[1, 0, 0, 0, 0, 1, 0, 0, -0, 0, 1, 0, 0, 0, 0, 1],
"children":[{
"transform":[1, 0, 0, 0, 0, 1, -0, 0, 0, 0, 1, 0, 0, 0, 0, 1],
"children":[{
"transform":[0.2, 0, 0, 0, 0, 20, 0, 0, 0, 0, 20, 0, 0, 0, 0, 1],
"shapes":[
{"type":"box",
"material":"color0"}]
}]
}]
}]
}]
},
{
"transform":[1, 0, 0, 20, 0, 1, 0, 0, 0, 0, 1, 0, 0, 0, 0, 1],
"children":[{"transform":[1, -0, 0, 0, 0, 1, 0, 0, 0, 0, 1, 0, 0, 0, 0, 1],
"children":[{
"transform":[1, 0, 0, 0, 0, 1, 0, 0, -0, 0, 1, 0, 0, 0, 0, 1],
"children":[{
"transform":[1, 0, 0, 0, 0, 1, -0, 0, 0, 0, 1, 0, 0, 0, 0, 1],
"children":[{
"transform":[0.2, 0, 0, 0, 0, 20, 0, 0, 0, 0, 20, 0, 0, 0, 0, 1],
"shapes":[
{"type":"box",
"material":"color0"}]
}]
}]
}]
}]
},
{
"transform":[1, 0, 0, 10, 0, 1, 0, 0, 0, 0, 1, 10, 0, 0, 0, 1],
"children":[{"transform":[1, -0, 0, 0, 0, 1, 0, 0, 0, 0, 1, 0, 0, 0, 0, 1],
"children":[{
"transform":[1.7949e-09, 0, 1, 0, 0, 1, 0, 0, -1, 0, 1.7949e-09, 0, 0, 0, 0, 1],
"children":[{
"transform":[1, 0, 0, 0, 0, 1, -0, 0, 0, 0, 1, 0, 0, 0, 0, 1],
"children":[{
"transform":[0.2, 0, 0, 0, 0, 20, 0, 0, 0, 0, 20, 0, 0, 0, 0, 1],
"shapes":[
{"type":"box",
"material":"color0"}]
}]
}]
}]
}]
},
{
"transform":[1, 0, 0, 10, 0, 1, 0, 10, 0, 0, 1, 0, 0, 0, 0, 1],
"children":[{"transform":[1.7949e-09, -1, 0, 0, 1, 1.7949e-09, 0, 0, 0, 0, 1, 0, 0, 0, 0, 1],
"children":[{
"transform":[1, 0, 0, 0, 0, 1, 0, 0, -0, 0, 1, 0, 0, 0, 0, 1],
"children":[{
"transform":[1, 0, 0, 0, 0, 1, -0, 0, 0, 0, 1, 0, 0, 0, 0, 1],
"children":[{
"transform":[1, 0, 0, 0, 0, 20, 0, 0, 0, 0, 20, 0, 0, 0, 0, 1],
"shapes":[
{"type":"box",
"material":"color0"}]
}]
}]
}]
}]
},
{
"transform":[1, 0, 0, 11.25, 0, 1, 0, 0, 0, 0, 1, -1, 0, 0, 0, 1],
"children":[{"transform":[0.99863, 0.052336, 0, 0, -0.052336, 0.99863, 0, 0, 0, 0, 1, 0, 0, 0, 0, 1],
"children":[{
"transform":[0.987688, 0, -0.156434, 0, 0, 1, 0, 0, 0.156434, 0, 0.987688, 0, 0, 0, 0, 1],
"children":[{
"transform":[1, 0, 0, 0, 0, 0.992546, -0.121869, 0, 0, 0.121869, 0.992546, 0, 0, 0, 0, 1],
"children":[{
"transform":[3, 0, 0, 0, 0, 5, 0, 0, 0, 0, 0.5, 0, 0, 0, 0, 1],
"shapes":[
{"type":"box",
"material":"color1"}]
}]
}]
}]
}]
},
{
"transform":[1, 0, 0, 11.25, 0, 1, 0, 0, 0, 0, 1, -1.25, 0, 0, 0, 1],
"children":[{"transform":[0.99863, 0.052336, 0, 0, -0.052336, 0.99863, 0, 0, 0, 0, 1, 0, 0, 0, 0, 1],
"children":[{
"transform":[0.987688, 0, -0.156434, 0, 0, 1, 0, 0, 0.156434, 0, 0.987688, 0, 0, 0, 0, 1],
"children":[{
"transform":[1, 0, 0, 0, 0, 0.992546, -0.121869, 0, 0, 0.121869, 0.992546, 0, 0, 0, 0, 1],
"children":[{
"transform":[2.25, 0, 0, 0, 0, 4.25, 0, 0, 0, 0, 0.25, 0, 0, 0, 0, 1],
"shapes":[
{"type":"box",
"material":"color2"}]
}]
}]
}]
}]
},
{
"transform":[1, 0, 0, 8.75, 0, 1, 0, 0, 0, 0, 1, 0, 0, 0, 0, 1],
"children":[{"transform":[0.992546, -0.121869, 0, 0, 0.121869, 0.992546, 0, 0, 0, 0, 1, 0, 0, 0, 0, 1],
"children":[{
"transform":[0.99863, 0, 0.052336, 0, 0, 1, 0, 0, -0.052336, 0, 0.99863, 0, 0, 0, 0, 1],
"children":[{
"transform":[1, 0, 0, 0, 0, 0.992546, -0.121869, 0, 0, 0.121869, 0.992546, 0, 0, 0, 0, 1],
"children":[{
"transform":[3, 0, 0, 0, 0, 5, 0, 0, 0, 0, 0.5, 0, 0, 0, 0, 1],
"shapes":[
{"type":"box",
"material":"color1"}]
}]
}]
}]
}]
},
{
"transform":[1, 0, 0, 8.75, 0, 1, 0, 0, 0, 0, 1, -0.25, 0, 0, 0, 1],
"children":[{"transform":[0.992546, -0.121869, 0, 0, 0.121869, 0.992546, 0, 0, 0, 0, 1, 0, 0, 0, 0, 1],
"children":[{
"transform":[0.99863, 0, 0.052336, 0, 0, 1, 0, 0, -0.052336, 0, 0.99863, 0, 0, 0, 0, 1],
"children":[{
"transform":[1, 0, 0, 0, 0, 0.992546, -0.121869, 0, 0, 0.121869, 0.992546, 0, 0, 0, 0, 1],
"children":[{
"transform":[2.25, 0, 0, 0, 0, 4.25, 0, 0, 0, 0, 0.25, 0, 0, 0, 0, 1],
"shapes":[
{"type":"box",
"material":"color3"}]
}]
}]
}]
}]
},
{
"transform":[1, 0, 0, 18.2, 0, 1, 0, 9.5, 0, 0, 1, 0, 0, 0, 0, 1],
"children":[{"transform":[0.99863, 0.052336, 0, 0, -0.052336, 0.99863, 0, 0, 0, 0, 1, 0, 0, 0, 0, 1],
"children":[{
"transform":[0.999848, 0, 0.0174524, 0, 0, 1, 0, 0, -0.0174524, 0, 0.999848, 0, 0, 0, 0, 1],
"children":[{
"transform":[1, 0, 0, 0, 0, 1.7949e-09, -1, 0, 0, 1, 1.7949e-09, 0, 0, 0, 0, 1],
"children":[{
"transform":[1, 0, 0, 0, 0, 1, 0, 0, 0, 0, 1, 0, 0, 0, 0, 1],
"shapes":[
{"type":"cylinder",
"radius":0.1,
"height":13,
"material":"color4"}]
}]
}]
}]
}]
},
{
"transform":[1, 0, 0, 14.2, 0, 1, 0, 9.5, 0, 0, 1, 0, 0, 0, 0, 1],
"children":[{"transform":[0.99863, 0.052336, 0, 0, -0.052336, 0.99863, 0, 0, 0, 0, 1, 0, 0, 0, 0, 1],
"children":[{
"transform":[0.999848, 0, 0.0174524, 0, 0, 1, 0, 0, -0.0174524, 0, 0.999848, 0, 0, 0, 0, 1],
"children":[{
"transform":[1, 0, 0, 0, 0, 1.7949e-09, -1, 0, 0, 1, 1.7949e-09, 0, 0, 0, 0, 1],
"children":[{
"transform":[1, 0, 0, 0, 0, 1, 0, 0, 0, 0, 1, 0, 0, 0, 0, 1],
"shapes":[
{"type":"cylinder",
"radius":0.1,
"height":4,
"material":"color4"}]
}]
}]
}]
}]
},
{
"transform":[1, 0, 0, 9, 0, 1, 0, 9.5, 0, 0, 1, 0, 0, 0, 0, 1],
"children":[{"transform":[0.999848, 0.0174524, 0, 0, -0.0174524, 0.999848, 0, 0, 0, 0, 1, 0, 0, 0, 0, 1],
"children":[{
"transform":[0.999848, 0, 0.0174524, 0, 0, 1, 0, 0, -0.0174524, 0, 0.999848, 0, 0, 0, 0, 1],
"children":[{
"transform":[1, 0, 0, 0, 0, 1.7949e-09, -1, 0, 0, 1, 1.7949e-09, 0, 0, 0, 0, 1],
"children":[{
"transform":[1, 0, 0, 0, 0, 1, 0, 0, 0, 0, 1, 0, 0, 0, 0, 1],
"shapes":[
{"type":"cylinder",
"radius":0.1,
"height":7.2,
"material":"color4"}]
}]
}]
}]
}]
},
{
"transform":[1, 0, 0, 6.1, 0, 1, 0, 9.5, 0, 0, 1, 0, 0, 0, 0, 1],
"children":[{"transform":[0.999391, -0.0348995, 0, 0, 0.0348995, 0.999391, 0, 0, 0, 0, 1, 0, 0, 0, 0, 1],
"children":[{
"transform":[1, 0, 0, 0, 0, 1, 0, 0, -0, 0, 1, 0, 0, 0, 0, 1],
"children":[{
"transform":[1, 0, 0, 0, 0, 1.7949e-09, -1, 0, 0, 1, 1.7949e-09, 0, 0, 0, 0, 1],
"children":[{
"transform":[1, 0, 0, 0, 0, 1, 0, 0, 0, 0, 1, 0, 0, 0, 0, 1],
"shapes":[
{"type":"cylinder",
"radius":0.1,
"height":11.6,
"material":"color4"}]
}]
}]
}]
}]
},
{
"transform":[1, 0, 0, 2.6, 0, 1, 0, 9.5, 0, 0, 1, 0, 0, 0, 0, 1],
"children":[{"transform":[0.999781, -0.0209424, 0, 0, 0.0209424, 0.999781, 0, 0, 0, 0, 1, 0, 0, 0, 0, 1],
"children":[{
"transform":[1, 0, 0, 0, 0, 1, 0, 0, -0, 0, 1, 0, 0, 0, 0, 1],
"children":[{
"transform":[1, 0, 0, 0, 0, 1.7949e-09, -1, 0, 0, 1, 1.7949e-09, 0, 0, 0, 0, 1],
"children":[{
"transform":[1, 0, 0, 0, 0, 1, 0, 0, 0, 0, 1, 0, 0, 0, 0, 1],
"shapes":[
{"type":"cylinder",
"radius":0.1,
"height":9,
"material":"color4"}]
}]
}]
}]
}]
}
]

}